coins <- structure(list(coin = structure(1:6, .Label = c("dollar", "half_dollar", 
"quarter", "dime", "nickel", "penny"), class = "factor"), value = c(1, 
0.5, 0.25, 0.1, 0.05, 0.01), N = c(1, 0, 248, 868, 665, 1421), 
    Mass.g = c(8.1, 11.34, 5.67, 2.268, 5, 2.5), Diameter.mm = c(26.5, 
    30.61, 24.26, 17.91, 21.21, 19.05), Thickness.mm = c(2, 2.15, 
    1.75, 1.35, 1.95, 1.55)), .Names = c("coin", "value", "N", 
"Mass.g", "Diameter.mm", "Thickness.mm"), row.names = c(NA, -6L
), class = "data.frame")