phil.counties <- structure(list(County = structure(c(1L, 1L, 1L, 1L, 1L, 1L, 1L, 
1L, 1L, 1L, 2L, 2L, 2L, 2L, 2L, 2L, 2L, 2L, 2L, 2L, 3L, 3L, 3L, 
3L, 3L, 3L, 3L, 3L, 3L, 3L, 4L, 4L, 4L, 4L, 4L, 4L, 4L, 4L, 4L, 
4L), .Label = c("Bucks County", "Delaware County", "Montgomery County", 
"Philadelphia County"), class = "factor"), Gender = structure(c(1L, 
1L, 1L, 1L, 1L, 2L, 2L, 2L, 2L, 2L, 1L, 1L, 1L, 1L, 1L, 2L, 2L, 
2L, 2L, 2L, 1L, 1L, 1L, 1L, 1L, 2L, 2L, 2L, 2L, 2L, 1L, 1L, 1L, 
1L, 1L, 2L, 2L, 2L, 2L, 2L), .Label = c("Female", "Male"), class = "factor"), 
    Income = c(15288L, 43054L, 25788L, 62853L, 33622L, 50792L, 
    27184L, 71321L, 43593L, 94877L, 32442L, 54872L, 43751L, 18346L, 
    25545L, 87732L, 46656L, 63640L, 39675L, 25468L, 43636L, 34558L, 
    59923L, 26979L, 17550L, 27492L, 71404L, 39946L, 50107L, 96580L, 
    24957L, 17433L, 31468L, 40585L, 53239L, 21899L, 62542L, 38352L, 
    47008L, 31485L), Level = structure(c(1L, 4L, 2L, 5L, 3L, 
    3L, 1L, 4L, 2L, 5L, 3L, 5L, 4L, 1L, 2L, 5L, 3L, 4L, 2L, 1L, 
    4L, 3L, 5L, 2L, 1L, 1L, 4L, 2L, 3L, 5L, 2L, 1L, 3L, 4L, 5L, 
    1L, 5L, 3L, 4L, 2L), .Label = c("LessHigh", "High", "SomeAssoc", 
    "Bachelors", "GradProf"), class = "factor"), Years = c(10, 
    16, 12, 18, 14, 14, 10, 16, 12, 18, 14, 18, 16, 10, 12, 18, 
    14, 16, 12, 10, 16, 14, 18, 12, 10, 10, 16, 12, 14, 18, 12, 
    10, 14, 16, 18, 10, 18, 14, 16, 12)), .Names = c("County", 
"Gender", "Income", "Level", "Years"), row.names = c(NA, -40L
), class = "data.frame")